area	:	0.9204406364749081
bookday	:	0.5874125874125875
bookpeople	:	0.19642857142857142
booktime	:	0
food	:	0.5953177257525083
name	:	0.5009861932938856
pricerange	:	0.40191387559808617
arriveby	:	0.8102893890675241
day	:	0.6342857142857143
departure	:	0.5620608899297423
destination	:	0.4213075060532688
leaveat	:	0.2033898305084746
internet	:	0.5875706214689266
type	:	0.504201680672269
bookstay	:	0
stars	:	0.01724137931034483
parking	:	0.3698630136986301
